Part 0
outlinePoint 0
0 0
78.5192 58.2716
61.4381 135.625
73.3672 196.983
18.3289 376.159
outlinePoint 1
0 0
34.5178 88.1854
44.9687 131.126
51.4991 197.424
15.1004 376.159
outlinePoint 2
0 0
107.049 63.1255
48.0974 140.398
-0.232854 195.253
-1.15419 376.159
outlinePoint 3
0 0
115.539 50.0462
57.6286 144.262
17.2041 196.825
1.99559 376.159
outlinePoint 4
0 0
35.8977 77.1068
39.5064 129.827
36.0973 195.746
17.5731 376.159
outlinePoint 5
0 0
85.0579 61.7982
63.0689 137.616
76.527 196.245
25.5549 376.159
pointPosition
342.297 8.56286
151.795 -211.238
-108.43 -164.103
-324.761 -0.129424
-127.584 170.821
164.735 220.638
342.297 8.56286
betweenPosition
247.046 -101.337
21.6827 -187.671
-216.596 -82.1164
-226.173 85.3456
18.5757 195.729
253.516 114.6