Part 0
outlinePoint 0
0 0
111.417 80.901
98.7864 194.825
26.0146 370.615
outlinePoint 1
0 0
92.5196 195.938
54.4822 277.248
26.2935 370.615
outlinePoint 2
0 0
66.1777 158.561
-28.0825 241.086
14.8049 370.615
outlinePoint 3
0 0
93.1377 162.395
-4.49372 248.322
21.7552 370.615
outlinePoint 4
0 0
57.0087 196.979
33.617 274.348
32.9564 370.615
outlinePoint 5
0 0
103.562 79.3327
92.8828 193.257
30.5654 370.615
pointPosition
317.117 21.2002
171.538 -175.269
-92.8731 -178.59
-346.698 -3.63512
-119.186 164.866
152.89 211.789
317.117 21.2002
betweenPosition
244.327 -77.0346
39.3325 -176.93
-219.786 -91.1128
-232.942 80.6156
16.8518 188.328
235.003 116.495