Part 0
outlinePoint 0
0.0 0.0
0.0 130.0
0.0 260.0
outlinePoint 1
0.0 0.0
0.0 130.0
0.0 260.0
outlinePoint 2
0.0 0.0
0.0 130.0
0.0 260.0
outlinePoint 3
0.0 0.0
0.0 130.0
0.0 260.0
outlinePoint 4
0.0 0.0
0.0 130.0
0.0 260.0
outlinePoint 5
0.0 0.0
0.0 130.0
0.0 260.0
pointPosition
100 0
50 -86.60254037844386467637
-50	-86.60254037844386467637
-100 0
-50	86.60254037844386467637
50	86.60254037844386467637
100 0
betweenPosition
75 -43.301270189221932338185
0 -86.60254037844386467637
-75 -43.301270189221932338185
-75	43.301270189221932338185
0 86.60254037844386467637
75 43.301270189221932338185

124.068 0.00230292
94.8613 -112.529
-99.6857 -115.913
-124.039 -365.388
-95.2586 113.951
94.8612 112.697
124.068 0.00230292