Part 0
outlinePoint 0
0.0 0.0
0.0 65
0.0 130
0.0 195
0.0 260.0
outlinePoint 1
0.0 0.0
0.0 65
0.0 130
0.0 195
0.0 260.0
outlinePoint 2
0.0 0.0
0.0 65
0.0 130
0.0 195
0.0 260.0
outlinePoint 3
0.0 0.0
0.0 65
0.0 130
0.0 195
0.0 260.0
outlinePoint 4
0.0 0.0
0.0 65
0.0 130
0.0 195
0.0 260.0
outlinePoint 5
0.0 0.0
0.0 65
0.0 130
0.0 195
0.0 260.0
pointPosition
100 0
50 -86.60254037844386467637
-50	-86.60254037844386467637
-100 0
-50	86.60254037844386467637
50	86.60254037844386467637
100 0
betweenPosition
75	-43.301270189221932338185
0 -86.60254037844386467637
-75 -43.301270189221932338185
-75	43.301270189221932338185
0 86.60254037844386467637
75 43.301270189221932338185