Part 0
outlinePoint 0
0 0
41.2309 75.4617
106.418 284.04
outlinePoint 1
0 0
38.0348 89.7674
114.905 284.04
outlinePoint 2
0 0
42.0034 72.0052
129.038 284.04
outlinePoint 3
0 0
41.2978 75.166
112.177 284.04
outlinePoint 4
0 0
37.496 92.1786
108.6 284.04
outlinePoint 5
0 0
41.231 75.4617
106.418 284.04
pointPosition
124.068 0.00230292
94.8613 -112.529
-99.6857 -115.913
-124.039 -365.388
-95.2586 113.951
94.8612 112.697
124.068 0.00230292
betweenPosition
109.465 -56.2635
-2.41222 -114.221
-111.862 -240.65
-109.649 -125.718
-0.198716 113.324
109.464 56.3495