Part 0
TopposY: 18.5368
outlinePoint 0
0 0
8.98498 12.2436
-1.06223 28.3184
-1.16649 31.3612
-1.25074 32.5142
outlinePoint 1
0 0
2.91213 8.66907
5.43948 13.4553
5.58004 20.6354
5.56867 32.5142
outlinePoint 2
0 0
9.20062 11.3574
9.63787 22.0645
7.55646 27.7541
2.11642 32.5142
outlinePoint 3
0 0
7.68994 7.40479
9.19217 21.1047
8.21319 26.2717
0.903817 32.5142
outlinePoint 4
0 0
0.0125881 2.0682
-0.0761178 3.00485
7.15256 19.2619
2.63016 32.5142
outlinePoint 5
0 0
6.43165 10.7042
1.06526 24.9737
1.64206 29.5855
4.73791 32.5142
pointPosition
-16.6331 -1.35133
-11.4452 6.22963
6.10695 8.56841
13.9154 0.985265
10.7859 -7.82357
-0.8274 -11.1104
-16.6331 -1.35133
betweenPosition
-14.0392 2.43915
-2.66915 7.39902
10.0112 4.77684
12.3506 -3.41915
4.97926 -9.46698
-8.73026 -6.23087