Part 0
outlinePoint 0
0 0
3.82204 7.33433
7.94365 20.2954
5.11129 27.1674
-4.479 32.017
outlinePoint 1
0 0
5.35292 15.8237
6.24613 20.8906
1.7143 26.6502
-6.69454 32.017
outlinePoint 2
0 0
3.8561 17.6016
3.21771 22.427
0.858567 25.2033
-9.07602 32.017
outlinePoint 3
0 0
2.08242 5.28358
4.68468 21.9568
1.69699 28.2467
-5.6517 32.017
outlinePoint 4
0 0
4.37497 2.28151
6.3913 7.22015
8.15009 25.5649
0.0963952 32.017
outlinePoint 5
0 0
7.93291 4.47078
15.6368 21.7617
11.2771 27.1797
0.136073 32.017
pointPosition
3.79756 6.2669
11.8359 -2.23597
12.1667 -12.4788
2.4502 -17.8212
-3.7066 -12.2634
-3.98317 1.14214
3.79756 6.2669
betweenPosition
7.81672 2.01546
12.0013 -7.35738
7.30845 -15.15
-0.6282 -15.0423
-3.84489 -5.56061
-0.0928035 3.70452