Part 0
topPou 77;
outlinePoint 0
0 0
13.6653 24.6918
13.9532 50.2654
10.7054 144.808
14.0088 156.25
outlinePoint 1
0 0
1.18528 3.14231
0.590362 6.90937
4.55515 102.69
2.34474 156.25
outlinePoint 2
0 0
3.19362 9.74843
-0.448754 29.0614
1.7217 85.1763
0.526279 156.25
outlinePoint 3
0 0
5.85966 8.39352
9.9475 33.2407
4.19501 129.252
-1.31344 156.25
outlinePoint 4
0 0
21.077 50.7343
6.91511 117.806
4.17637 141.569
14.1838 156.25
outlinePoint 5
0 0
8.66989 41.3388
14.0883 66.157
11.9933 116.349
10.3549 156.25
pointPosition
-4.39848 11.1278
6.22235 16.1864
16.5437 6.86516
16.0634 -7.21784
6.38197 -15.1957
0.0730066 -14.4747
-4.39848 11.1278
betweenPosition
0.911936 13.6571
11.383 11.5258
16.3036 -0.176342
11.2227 -11.2068
3.22749 -14.8352
-2.16274 -1.67346