Part 0
topYpos: 76.2924
outlinePoint 0
0 0
7.07828 15.8398
11.2759 27.728
9.82923 53.4415
0.741964 155.694
outlinePoint 1
0 0
0.0536973 85.2533
-0.536659 110.238
-3.89258 135.373
-6.62377 155.694
outlinePoint 2
0 0
2.41825 69.3569
2.40387 94.5
1.39199 119.699
-1.19563 155.694
outlinePoint 3
0 0
11.763 17.8556
12.0297 31.1889
11.7228 131.593
4.22012 155.694
outlinePoint 4
0 0
14.4233 20.3177
22.8069 32.9167
27.3475 58.0026
19.6039 155.694
outlinePoint 5
0 0
7.97389 30.6584
15.3579 54.4787
16.2067 118.462
14.7186 155.694
pointPosition
-6.79625 15.781
1.5371 21.3166
12.5755 16.5488
14.9695 5.83315
8.73124 -4.54516
1.82808 -2.62116
-6.79625 15.781
betweenPosition
-2.62958 18.5488
7.0563 18.9327
13.7725 11.191
11.8503 0.643998
5.27966 -3.58316
-2.48409 6.57993