Part 0
TopposY: 10.4282
outlinePoint 0
0 0
7.05748 4.2114
11.3864 9.14713
9.43213 18.1235
-1.91671 25.9696
outlinePoint 1
0 0
6.49121 4.15765
10.2345 9.45284
10.0853 13.5389
0.602927 25.9696
outlinePoint 2
0 0
12.9945 10.9547
13.1916 17.7881
7.81401 22.0153
-1.66681 25.9696
outlinePoint 3
0 0
19.7321 16.9873
19.7427 19.4519
17.1639 22.0653
7.71106 25.9696
outlinePoint 4
0 0
4.3182 2.8521
19.2293 18.4824
17.601 22.4756
2.26019 25.9696
outlinePoint 5
0 0
10.1511 8.06001
12.2079 12.7041
11.9579 17.7088
8.74669 25.9696
pointPosition
-7.3588 0.506378
-4.28309 8.12682
3.4876 7.74936
8.75249 -0.0489872
4.37368 -6.86561
-1.31102 -7.0116
-7.3588 0.506378
betweenPosition
-5.82095 4.3166
-0.397748 7.93809
6.12004 3.85019
6.56309 -3.4573
1.53133 -6.9386
-4.33491 -3.25261