Part 0
TopposY 18.5368
outlinePoint 0
0 0
8.15599 15.2196
-5.83576 26.4707
-0.496176 29.1294
1.35791 32.5873
outlinePoint 1
0 0
4.95045 19.3113
5.89794 23.7949
6.55231 32.5873
outlinePoint 2
0 0
8.43083 17.4338
3.39222 32.5873
outlinePoint 3
0 0
4.02871 8.04928
8.53945 17.7608
8.04425 25.5227
1.59596 32.5873
outlinePoint 4
0 0
0.722215 1.90189
-0.0974081 3.8457
6.85046 19.4649
3.47144 32.5873
outlinePoint 5
0 0
6.39967 15.6507
0.696086 25.4517
2.55798 29.902
6.01986 32.5873
pointPosition
-16.9634 -1.81067
-15.5252 3.83976
6.96494 8.5584
15.3488 2.01502
10.6251 -8.1218
-0.841345 -10.7346
-16.9634 -1.81067
betweenPosition
-16.2443 1.01455
-4.28011 6.19908
11.1569 5.28671
12.987 -3.05339
4.89189 -9.42821
-8.90236 -6.27264