Part 0
TopposY 18.5368
outlinePoint 0
0 0
9.76674 12.2882
-0.677856 28.1223
-1.63832 31.0795
-0.949781 32.8571
outlinePoint 1
0 0
5.59902 13.814
6.35769 19.2827
5.1241 32.8571
outlinePoint 2
0 0
10.5281 21.5388
2.35493 32.8571
outlinePoint 3
0 0
7.35464 7.95456
9.99451 20.2436
8.74791 26.588
0.81289 32.8571
outlinePoint 4
0 0
0.0215185 1.92445
0.346135 3.13549
7.39694 18.3562
3.19645 32.8571
outlinePoint 5
0 0
6.17143 11.1837
2.08473 24.5892
0.971378 30.1987
5.20118 32.8571
pointPosition
-16.1253 -1.26862
-11.0693 6.20082
7.3175 8.64075
14.0408 0.668424
11.1353 -7.1464
-0.619535 -11.0507
-16.1253 -1.26862
betweenPosition
-13.5973 2.4661
-1.8759 7.42078
10.6792 4.65458
12.588 -3.23899
5.25786 -9.09856
-8.37243 -6.15967