Part 0
TopposY 77.4213
outlinePoint 0
0 0
8.73744 84.9694
13.27 129.213
13.6309 153.155
14.3315 155.946
outlinePoint 1
0 0
1.19199 78.8942
2.29159 151.805
2.26588 154.485
2.19348 155.946
outlinePoint 2
0 0
1.21132 78.8203
2.14207 139.413
2.14716 146.778
2.009 155.946
outlinePoint 3
0 0
1.11042 77.5188
2.00172 143.657
3 155.946
outlinePoint 4
0 0
4.8394 85.7591
7.31705 133.369
8.7581 147.559
8.1017 155.946
outlinePoint 5
0 0
8.86151 83.563
12.1452 114.694
12.1763 137.866
11.6267 155.946
pointPosition
-3.40078 9.64698
5.68771 15.5824
15.6345 5.09049
14.2255 -6.92389
5.60119 -13.8792
0.613982 -12.8607
-3.40078 9.64698
betweenPosition
1.14346 12.6147
10.6611 10.3364
14.93 -0.9167
9.91335 -10.4015
3.10759 -13.3699
-1.3934 -1.60686