Part 0
TopposY 14.1123
outlinePoint 0
0 0
3.49459 16.1359
5.88182 22.8104
3.77379 26.219
-7.76964 32.6001
outlinePoint 1
0 0
4.77003 15.0841
4.91703 22.5041
0.565281 26.9226
-8.44756 32.6001
outlinePoint 2
0 0
3.83637 15.4203
3.5788 25.6923
-5.54825 29.2957
-8.90879 32.6001
outlinePoint 3
0 0
2.0791 4.73307
4.6395 15.8008
3.40048 27.5836
-6.31943 32.6001
outlinePoint 4
0 0
4.51427 16.3816
0.20375 32.6001
outlinePoint 5
0 0
13.1788 17.0683
10.2796 26.696
-3.20063 32.6001
pointPosition
4.84471 8.62804
12.657 -0.24459
12.1483 -12.183
2.94728 -17.4567
-6.84447 -9.33527
-6.89013 3.13416
4.84471 8.62804
betweenPosition
8.75084 4.19173
12.4026 -6.2138
7.54781 -14.8199
-1.94859 -13.396
-6.8673 -3.10055
-1.02271 5.8811