Part 0
TopposY 77.4213
outlinePoint 0
0 0
13.5581 24.1017
14.6176 50.1998
9.84672 132.355
23.0003 183.944
outlinePoint 1
0 0
1.5478 2.93178
0.693414 7.28682
2.95909 93.545
3.63679 183.944
outlinePoint 2
0 0
4.3019 10.2767
0.024205 28.5274
1.67829 89.8007
-3.07093 183.944
outlinePoint 3
0 0
8.60193 33.4599
3.50682 114.361
5.55289 183.944
outlinePoint 4
0 0
20.2992 51.1795
9.70249 105.972
0.693351 142.971
25.0847 183.944
outlinePoint 5
0 0
11.6138 42.7673
15.0525 64.5433
13.6111 118.305
10.3346 183.944
pointPosition
-3.0694 11.8316
6.48371 15.8045
16.4342 5.62652
16.0529 -7.15892
7.18029 -15.142
1.70035 -14.7297
-3.0694 11.8316
betweenPosition
1.70715 13.8181
11.459 10.7155
16.2436 -0.766197
11.6166 -11.1505
4.44032 -14.9359
-0.684528 -1.44905