Part 0
TopposY 10.4282
outlinePoint 0
0 0
10.0113 9.29916
8.58422 17.8013
-3.48516 26.3033
outlinePoint 1
0 0
6.28594 4.25105
10.2063 9.03347
10.4431 12.2218
2.78779 26.3033
outlinePoint 2
0 0
13.0765 17.8013
-3.72193 26.3033
outlinePoint 3
0 0
19.1276 15.9414
19.9687 19.3954
4.16799 26.3033
outlinePoint 4
0 0
18.7896 19.3954
17.1263 22.0523
4.42139 26.3033
outlinePoint 5
0 0
11.4374 17.0042
6.24494 26.3033
pointPosition
-7.70094 -0.680356
-5.20327 7.83713
2.45891 6.94306
7.48177 -1.4011
2.18736 -7.49139
-0.996495 -7.39939
-7.70094 -0.680356
betweenPosition
-6.45211 3.57839
-1.37218 7.3901
4.97034 2.77098
4.83457 -4.44624
0.595432 -7.44539
-4.34872 -4.03987